time,x,y,z,phi,theta,psi,x_velocity,y_velocity,z_velocity,phi_velocity,theta_velocity,psi_velocity,rotor_speed1,rotor_speed2,rotor_speed3,rotor_speed4
0.06,-8.616726721472051e-07,1.3842485762993378e-05,10.003515059682071,0.0038561651736372937,0.00013369756995906812,0.0,-4.832567791221797e-05,0.0008433195637512381,0.11716259822924564,0.020344856616574626,-0.0053812744101751474,0.0,442.0806294462081,441.6371163775962,441.92743788033283,443.600850580788
0.12000000000000001,-8.633699920713666e-06,0.00014997565480820261,10.01231894875561,0.007027895484918112,0.0009333271592169012,0.0,-0.0002774209059321822,0.003985217552428005,0.1762911148487466,0.034492873714482425,0.005086710883562674,0.0,422.9673851307367,423.8678213943121,423.4896755299921,424.7048203281642
0.18,-4.5917057809397454e-05,0.000543488889908784,10.024415254125199,0.012223469538152898,0.0015811459271644068,0.0,-0.0010340074189088251,0.009643378665883915,0.22690529197626824,0.013887581016565259,-0.0026365638534213607,0.0,421.5421642250013,420.8743134476302,421.6610136535445,419.8777629127707
0.23999999999999996,-0.000141341391453658,0.001390904322355947,10.041851524955005,0.01393931557220185,0.0014505821932333518,0.0,-0.002131865309345288,0.018775658597768106,0.3542699297461171,0.02304856940009177,-0.0016558015137694176,0.0,445.7732741207252,445.8534451343846,444.98668617353036,445.7357748555588
0.3,-0.0003075432247632635,0.002819815669339691,10.066724951371436,0.015459939338549056,0.00357850668585602,0.0,-0.0036157065825228115,0.02901059984860858,0.47479851108690807,0.026087030964194506,0.013536701493182108,0.0,443.6612454477501,444.9066242023156,442.67106779174486,442.92106336771144
0.36000000000000004,-0.0005985903071535407,0.004857423576701346,10.096137393622264,0.018074101661128772,0.005575307372782667,0.0,-0.006281159802832666,0.03916070119552208,0.5055977767596544,0.0136036359368649,0.00035372609594157105,0.0,414.91939677247035,413.76049160465226,415.4838381276496,414.38816968020643
0.4200000000000001,-0.0011171189026069838,0.007669865598463391,10.133346938582129,0.02201563921392946,0.006821188286949997,0.0,-0.011140042842421033,0.055087260328678125,0.7345901796601162,-0.006999382148827478,0.011335678356612491,0.0,476.54954188130307,477.38805278583794,476.663300029938,475.08636351413145
0.48000000000000015,-0.0019474586679556261,0.011434114852889669,10.179718309616508,0.026923259453812243,0.014233942381959963,0.0,-0.017241243391369787,0.07089586094992778,0.8110515383965519,-0.03351246466654027,0.038584748574213346,0.0,428.98621288698894,431.2935667100018,430.992906742378,428.746545434252
0.5400000000000001,-0.003280843240275225,0.016248802471318765,10.2310013584225,0.031329593453579996,0.01682104413584984,0.0,-0.027470134290529982,0.09000612830522559,0.8983019576746587,-0.006936858024090579,0.03154654368339407,0.0,434.13457753794916,433.54433397951897,432.3138970729216,434.54692947355926
0.6000000000000002,-0.005260140408046195,0.0222356800778518,10.285225392467638,0.03776915841887174,0.024880912654887233,0.0,-0.039247727821451917,0.11015376122437914,0.9091214195817627,-0.036844630948534005,0.003116154650483571,0.0,410.5372896234268,408.0073269665258,409.30312918049407,406.63301946591486
0.6600000000000003,-0.008184525409185782,0.029699466334454156,10.344948970357247,0.03577199131351527,0.025057093234160277,0.0,-0.05824983623418857,0.13841482450798984,1.0815231152237368,-0.04324692647144389,0.0015351366372762763,0.0,460.7468641027148,460.62181409867105,460.34014203652987,459.8326106743845
0.7200000000000003,-0.012167737799631222,0.03869260548164681,10.41158683127346,0.03399558243833223,0.02538172155879348,0.0,-0.0745601272296903,0.1611939794589777,1.1396859453217274,-0.05442964609915476,-0.0050816503897638905,0.0,425.18237579324364,424.6151924430388,425.2239668381378,424.263580445512
0.7800000000000004,-0.01727888353359932,0.04920321004735195,10.487382718263053,0.03129536492397733,0.025384264721474814,0.0,-0.09581434136367396,0.18880638580343856,1.38658640845323,-0.04730479331401703,-0.0124729909845283,0.0,482.39657744541324,481.8382969357437,483.1539377795812,483.689229718808
0.8400000000000004,-0.023559068657256387,0.0611744716223886,10.573699039237493,0.029728658921870377,0.026023403726712857,0.0,-0.11360229806149766,0.2100580970711036,1.4904960270535685,-0.03609413412736318,-0.026632296823480058,0.0,440.94488013148464,439.77378215893174,439.66142545626474,440.58809146700327
0.9000000000000005,-0.030927618056352597,0.07440303888219112,10.666780223744121,0.027932905164417043,0.02549189618165304,0.0,-0.13194562492826825,0.23069321160723283,1.6120523192571214,-0.030524686724243754,-0.01645645542536224,0.0,446.1052849823542,446.93529455842577,445.3735476330517,445.8283121266914
0.9600000000000005,-0.03932642872202009,0.08876436749654573,10.764699082681284,0.026413393050225054,0.02552750056037567,0.0,-0.14802864112142536,0.2478685543646523,1.6518553865576988,-0.025489710110950272,-0.02880099976746854,0.0,421.15068533394066,420.08166385940854,419.46377029675284,419.9004599050092
1.0200000000000005,-0.04879543949661456,0.10424816788111368,10.869380517668342,0.02613834138745119,0.02393500801783688,0.0,-0.1674223304878402,0.2682335000869064,1.8372490255862084,-0.039017054690477,-0.03420928039182905,0.0,465.7643655151787,465.3409658126924,466.97176594566844,465.91518355561465
1.0800000000000005,-0.05935572294290809,0.1209073900717875,10.98375588977301,0.025244661847069416,0.022083071890143913,0.0,-0.18437916956305186,0.2869859967054843,1.9750407000521382,-0.05345065199647578,-0.03035821604580674,0.0,451.96906148688754,452.2789139816178,452.7621432835933,451.5984152530233
1.1400000000000006,-0.07086084752471405,0.13862256473508452,11.104711566425957,0.02284885811108328,0.021513643898926738,0.0,-0.19905508347151296,0.30326789293276085,2.0566786796358167,-0.04471167752369447,-0.01924216191767649,0.0,434.3836638488963,435.3146090793553,434.80229171972826,435.53208624444954
1.2000000000000006,-0.08326140228989476,0.15729887561153924,11.23171402268139,0.022355165793835674,0.021335161732678465,0.0,-0.21426391893477087,0.3192016939020219,2.176516513052637,-0.029660071204347195,-0.009553409291819947,0.0,446.67695990396913,447.46643296569295,447.05078360772063,448.27468048311675
1.2600000000000007,-0.0966107922962283,0.17695333035956784,11.367468525770013,0.021334548711632983,0.02282219833159349,0.0,-0.23086014119728224,0.3358131168554364,2.3482938261875685,-0.021241520201537602,0.005015870602849035,0.0,463.08962501536803,464.234250737071,463.4439448892836,464.10500627702527
1.3200000000000007,-0.11098344251499562,0.19754708924545877,11.51189542585834,0.02047484934753996,0.03253052158531755,0.0,-0.24920283160455864,0.3505418591001815,2.465661543332152,-0.015285105333361342,0.037436132836108485,0.0,446.23647230621816,448.875075882813,447.84797349754894,448.3322193508565
1.3800000000000008,-0.12666684518676374,0.21903306890429883,11.6639063663295,0.023148261687463645,0.037864567742552424,0.0,-0.27416139799430395,0.3659602538623966,2.601036899510343,-0.03727707533216292,0.01694905853229863,0.0,454.5816482068329,452.93735915124597,455.0899829591503,453.32624934139665
1.4400000000000008,-0.14395369273656922,0.24152827071115998,11.824242378848046,0.031976800389127646,0.03896675056608778,0.0,-0.30217953249689466,0.3847894847395239,2.7431268734372374,-0.0020181660021200733,0.01233306175169956,0.0,456.815965128853,456.4476357993952,455.4453777964456,458.2564818159004
1.5000000000000009,-0.16287305250401446,0.2652419525502543,11.990733083757894,0.033343096419782725,0.04516052791365244,0.0,-0.3290838616332462,0.4057787703584859,2.8063714404646203,0.010195545324043483,-0.0144773517395561,0.0,434.45501217639907,432.2012259183155,431.75960190032106,432.78878971631127
1.560000000000001,-0.1837698250588847,0.2904415131020833,12.166885101521233,0.03499178505042888,0.04537887151341469,0.0,-0.3674617461786717,0.4344045137200177,3.0646873127584033,-0.0022238038510071483,-0.004193528672634525,0.0,492.2834937623081,493.043981309863,491.963478495231,491.042963413152
1.620000000000001,-0.20676588283989583,0.3172864587906202,12.353934761464398,0.05013001921362914,0.045389893359033096,0.0,-0.3990585366052489,0.4619311957410235,3.169934002650967,0.039401874077918925,0.0003472493437856332,0.0,447.38188715490713,447.7515131530332,446.7895588033793,450.17057221669205
1.680000000000001,-0.23169693473598277,0.34611494304817086,12.548025668562406,0.05843204918781275,0.04671504717149588,0.0,-0.4320902898111678,0.49991016149916884,3.2993238591307423,0.011481135889114997,0.011715436048404273,0.0,456.48466039677817,457.39087371304504,456.7202070263056,454.4881515781808
1.740000000000001,-0.25867031403675167,0.3774130622283313,12.750567454299876,0.05982190394087006,0.047448120230887625,0.0,-0.4670877234179857,0.5434931473845371,3.4515910861230528,0.001031380316615255,0.008266521219242134,0.0,464.06847729531916,463.79754205470846,464.69285693718166,463.87285666439624
1.8000000000000012,-0.28759891411250676,0.41114590893668235,12.958835253952902,0.059879137690098005,0.048667618108444444,0.0,-0.497301572575425,0.5809276118699435,3.490532206529198,0.0007705699628586238,0.01646123783502312,0.0,429.418266369338,430.112767862522,429.4757074417202,429.4535635746817
1.8600000000000012,-0.31879434905878506,0.44765326145207085,13.178215356414766,0.06024072126043212,0.04974839166131062,0.0,-0.5426508117387794,0.6359736150854333,3.8210562237902477,-0.006696875765924549,0.011709881567051359,0.0,516.3543223264401,516.0188803620986,516.5505568528177,516.0237136512309
1.9200000000000013,-0.35254847239028986,0.4872261665637518,13.41341407762752,0.05989393583930891,0.05248887999013263,0.0,-0.5827930545721383,0.6830318862401046,4.018190267098103,-0.005060792153757739,-0.005174067237847344,0.0,481.00207055830026,479.7215790019078,481.292554299112,481.4164775196945
1.9800000000000013,-0.38890351163225273,0.5296562451925476,13.66111010326042,0.06033331283888099,0.07500101164599027,0.0,-0.6317452372920082,0.7312800055462679,4.237332784666432,0.0032578210990014504,-0.05872058655800667,0.0,490.41889971754347,486.4249299726942,488.75413289536357,489.37380538979846
2.0400000000000014,-0.428576889866569,0.5748913099954094,13.92009073132253,0.06350712973442452,0.09469060776077232,0.0,-0.6927658029216676,0.7768735972163138,4.394507187941325,-0.016885245949475436,-0.007128947759283542,0.0,470.9871122050656,474.95983557278174,473.1575492349284,471.60417247426193
2.1000000000000014,-0.47161590350745153,0.6224945967649025,14.18148364017452,0.07199803464207832,0.09652631479819629,0.0,-0.7420502408094704,0.8105379903384685,4.318780852714763,0.015707114137546496,-0.02485329632058242,0.0,399.95619751549236,398.33849417025715,397.84721060359266,400.8206759874087
2.1600000000000015,-0.518528733558359,0.6729015160312705,14.447595125939666,0.07352142026332853,0.09503338772978331,0.0,-0.8214458768553764,0.8698147289565316,4.550656557475025,0.006071759597450032,-0.024943115232829383,0.0,495.08910140925445,495.08246527148145,496.56718248899466,495.859669833692
2.2200000000000015,-0.5694270772386635,0.7263258917547192,14.719821695918613,0.07539040662993646,0.09352484978338893,0.0,-0.8750578385891735,0.9111644428099158,4.523635257668193,-0.008618982515561936,-0.02622156865975541,0.0,417.69227318388914,417.58059265002663,418.49184372821406,417.2109650186863
2.2800000000000016,-0.6236729275851132,0.7823389043446856,14.991563945589224,0.07494356788995837,0.10561665382571483,0.0,-0.9342408421075769,0.9558680560369952,4.5342336604873035,-0.0066763579557928944,-0.06793415269762004,0.0,431.83370919809204,428.29915919117553,430.2051128990496,430.3697046010317
2.3400000000000016,-0.6819768551447272,0.8412622582841172,15.267055681412169,0.07551517843745525,0.10486719566020675,0.0,-1.0091252570928122,1.0082675130737,4.648312665852182,-0.018743879241334603,-0.08915040239567587,0.0,463.7801567409001,462.10637068822825,463.9569029585306,463.00848932337914
2.4000000000000017,-0.7445500283086738,0.9032108642228213,15.547559137452668,0.07871424999486898,0.09970349542507861,0.0,-1.076142472118407,1.0569893479755605,4.70156498022372,-0.0427537467933653,-0.08548472502711145,0.0,445.0574693164799,445.3510308568066,446.49235885453453,444.52876158432895
2.4600000000000017,-0.8109335911834114,0.9680307286754388,15.830089837049405,0.0764708005979875,0.09518396544110264,0.0,-1.136243230169691,1.1034600239308283,4.7160974664108375,-0.05028279064135377,-0.07804882900761448,0.0,433.67372641607324,434.29215558684047,433.1234542151911,432.488438531748
2.520000000000002,-0.8812952939270596,1.0359244024287544,16.117846167101018,0.07393028577834038,0.10020132369877821,0.0,-1.2096061553216606,1.1592975906807061,4.8750213972192205,-0.04382701517138734,-0.0451101694029751,0.0,477.54452669619803,480.04768960274896,477.361795918191,477.8529892093278
2.580000000000002,-0.9558252486559459,1.1068729360412475,16.41194669973965,0.07140746703551315,0.09767165294401448,0.0,-1.2744854660407574,1.2053760564357354,4.9281120842469255,-0.04125142652506856,-0.05107208378753726,0.0,448.51278099372854,448.0269315120011,446.5166526431818,446.725741038598
2.640000000000002,-1.034073200296227,1.180440724883747,16.707640554182415,0.07443316507226427,0.10375725740820485,0.0,-1.334285693456749,1.2471535380620047,4.92820513359007,-0.06817202744756332,-0.01911461442506059,0.0,430.5532655777555,433.24801945008215,431.24467779832577,428.96258793399693
2.700000000000002,-1.1159579856225963,1.256524541399033,17.002946425466714,0.07363384944434337,0.10272876938918518,0.0,-1.3951478374097501,1.2889094884139383,4.915356192774452,-0.08928132638821963,-0.024270298654369242,0.0,427.39474576368076,426.9550213813835,427.6910718450015,425.8843460997473
2.760000000000002,-1.2017229057528034,1.3352611912160834,17.299843432875537,0.07095590172014443,0.10129934076007174,0.0,-1.4635348282374194,1.3353263936277444,4.980924915330707,-0.07251206731372574,-0.023312861827866786,0.0,452.48812524887546,452.56514962308745,450.9355174950744,452.2827003147971
2.820000000000002,-1.2913414482308168,1.4165688223084354,17.59844641581913,0.06829333206277433,0.10008108672622917,0.0,-1.5236693477384147,1.374668023099609,4.972549943741261,-0.05942894096538523,-0.01970645831943761,0.0,429.0944635405097,429.40052197300554,428.19242142426947,429.3004648560081
2.880000000000002,-1.384409478322494,1.5000987396194028,17.8950772043188,0.06912394113856468,0.10040331178571638,0.0,-1.5786803995198462,1.4097474453776473,4.915344534554045,-0.08362940195441416,-0.03439706816741579,0.0,413.6836868847692,412.3876954563107,413.1948323771941,411.05156411406193
2.940000000000002,-1.4813043007242062,1.5860778337399795,18.193440434926412,0.0641339446818101,0.09955960774257377,0.0,-1.6510230337255634,1.4556434369438196,5.029611434683395,-0.08701473496922396,-0.02343765594294505,0.0,466.1473985768938,467.00286853122816,467.73546194572157,467.4662022727366
3.000000000000002,-1.5820301228959566,1.6743944189943392,18.493601484425795,0.06459789160752738,0.10176345043704949,0.0,-1.7067063686147552,1.4882554745154324,4.975934233350906,-0.06206908260791753,-0.003789386502223078,0.0,413.9900222971391,415.7156056379337,412.9559177609222,415.14544936772717
3.0600000000000023,-1.6860307816296018,1.7646167519773805,18.789528362781958,0.0686988515846032,0.10248558598537638,0.0,-1.760106221758162,1.519451659962154,4.888600940663886,-0.03260257482664839,-0.015730871093614616,0.0,402.64308391078123,401.5611875678548,401.46912600353284,404.13223576642184
3.1200000000000023,-1.7932343272578972,1.8567463222258347,19.080016994694397,0.06868238922104819,0.10395976573130916,0.0,-1.8135325130662516,1.5515281962456464,4.794710571149929,-0.018498999562863317,-0.03400737440844195,0.0,400.2990819422951,398.6320624140137,398.7279064051743,400.01422202345134
3.1800000000000024,-1.9041781019916042,1.9511398225704184,19.369814625222205,0.0691527109848078,0.10232928445584388,0.0,-1.8844431381968638,1.5949419133082792,4.864872934948238,-0.0335219569912962,-0.0423234432180986,0.0,453.1662823208575,452.49662645567406,453.64152048730676,452.433360308881
3.2400000000000024,-2.019402190320932,2.048169958587497,19.66415943234671,0.07024137250229767,0.10556243609548055,0.0,-1.956637242630559,1.6394754665974614,4.946143770934465,-0.05404671114322625,-0.01717693207964196,0.0,455.99736176905526,458.00155403211915,458.07959053057345,456.4434745080845
3.3000000000000025,-2.139030669500485,2.147939420445728,19.963173773499438,0.08753102389858558,0.11419206389664893,0.0,-2.0318116560631636,1.6878973753600277,5.020219485012308,-0.10489928155995647,-0.05244566295387665,0.0,456.7143652408203,453.89193339842035,458.975068228881,454.9166898290661
3.3600000000000025,-2.263778966306962,2.251260802393543,20.27066177877497,0.0894265357237547,0.11377224046344203,0.0,-2.126357257868214,1.7562990651958954,5.228299656313392,-0.13747162799993556,-0.07177527964710487,0.0,497.6914334509619,496.2724178367208,498.700169489429,496.30444449454825
3.4200000000000026,-2.3941087890881843,2.358676305727592,20.58996747308852,0.094379582239565,0.11062413976909724,0.0,-2.217536587148061,1.8246435728249932,5.414231801597416,-0.09885281457667228,-0.061124487621419,0.0,492.1068238277096,492.8916887678343,492.0089588154623,494.8478414529103
3.4800000000000026,-2.5296149072605925,2.470068732328696,20.918348192289326,0.08935223280184079,0.10715063448211826,0.0,-2.298957190319508,1.8878068465432098,5.531284658711569,-0.08957011028251335,-0.05735326526693695,0.0,474.40603642461144,474.69328830972375,474.41616648187465,475.1213309065603
3.5400000000000027,-2.669836025710696,2.585042462243181,21.252387854598194,0.09118268334503465,0.11419886084866437,0.0,-2.375767209081408,1.9447852063893816,5.602756133313015,-0.12019862243612511,-0.09405257759886955,0.0,463.4913103867658,460.593869681501,463.434347553573,461.0119027180039
3.6000000000000028,-2.814694220390114,2.7033843854778303,21.5901024321497,0.08673607251812854,0.1086283139101889,0.0,-2.4523513045751333,1.999445809341428,5.654242737994646,-0.10314344796652201,-0.09206657933270443,0.0,455.8866320371513,456.0381915908135,457.2826452502721,458.6282228724475
3.660000000000003,-2.9644581332467084,2.825221504894045,21.9345856079676,0.08067959288197546,0.1047950440589398,0.0,-2.539301094397319,2.060981019294709,5.827734341935163,-0.10018515074862286,-0.07897278010520249,0.0,493.52621315961494,494.4863381320157,493.14938467365073,493.35997528637904
3.720000000000003,-3.1185643084333075,2.949992556194577,22.281752401958475,0.07742840817083074,0.10444845676802661,0.0,-2.597660088539406,2.097790125739975,5.7449322404786285,-0.08314754354217961,-0.10316147045840861,0.0,416.2434851639735,414.11380337800557,415.2255035489394,416.70960109768896
3.780000000000003,-3.2762043750289753,3.076944917886279,22.6243632048018,0.07370589097426627,0.09870382450404325,0.0,-2.656684688734815,2.133652298695078,5.6759058912210945,-0.07196250480246612,-0.09695615767314941,0.0,418.846864085752,419.3768059190404,418.7392076962063,419.7058392259136
3.840000000000003,-3.438040837575561,3.206523002700107,22.970226786126098,0.06995017167067008,0.09347933271788289,0.0,-2.7372741644413443,2.1850798144173873,5.852067409750092,-0.06486323846433159,-0.106676579172618,0.0,495.03978705338614,494.3163292548635,493.2579404374161,493.77887492128417
3.900000000000003,-3.6040986907424344,3.338719291603154,23.32123286410726,0.06750048661421548,0.08716942200029809,0.0,-2.797538707933181,2.221212030590457,5.848275771132468,-0.05285398091000973,-0.11138779466196766,0.0,442.09048325242577,441.691647507662,440.375134267938,441.36493820909556
3.960000000000003,-3.7739067166983498,3.473204242726053,23.67459399473184,0.0643573184827968,0.08215549668219513,0.0,-2.8622926647813927,2.2612433320133416,5.930095425791797,-0.0518612886454156,-0.12679286871764392,0.0,468.1019670671425,466.88993930725945,467.85503223241807,467.9306892898539
4.020000000000002,-3.947301755838452,3.609830597545449,24.029900680631343,0.06124764475349842,0.08649597063211178,0.0,-2.9179722278071654,2.2926671700093966,5.913460992776038,-0.0543581819515476,-0.16587790925621962,0.0,439.87182332867565,436.60369932237177,437.5243058721758,437.31446675372763
4.080000000000001,-4.123916761896727,3.7481709390652442,24.382291309954695,0.060607052434407116,0.07909731674321563,0.0,-2.9687686819923527,2.3186232083557403,5.833455455653425,-0.03778351754490109,-0.149531196792071,0.0,415.347614827688,416.7527833989017,416.65303258896176,418.0982945269871
4.14,-4.303754732663845,3.888264165575572,24.733377445461667,0.059676946325945224,0.07014246145283032,0.0,-3.0251067118850172,2.35102379725213,5.869394555585307,-0.02626090784719493,-0.15259883984905298,0.0,452.2710693185303,452.00296937568385,453.5806116801716,454.50478521900243
4.199999999999998,-4.487035827055198,4.030472392853013,25.089678765691676,0.061732437393651196,0.06098523651180354,0.0,-3.0833464878644574,2.3893994412938833,6.0067098475015985,-0.00655217471380784,-0.15493434978640785,0.0,483.211573837168,483.0153092916299,483.47012692980127,484.95311616499527
4.259999999999997,-4.673730322604949,4.175117667002636,25.455857611965317,0.0614482838294661,0.051744827810815686,0.0,-3.1387905886584786,2.431992927041767,6.198373016957826,-0.003941997243864462,-0.1532856814483021,0.0,500.4565890751238,500.5570137092706,500.13754200350223,500.32775032403384
4.319999999999996,-4.863559183426787,4.3222955502927,25.83332667447578,0.061648823567953315,0.04531374904098584,0.0,-3.188166640467557,2.473870175799314,6.382988113662636,0.002198847420600148,-0.17274514897373994,0.0,501.677533102031,500.2411688013304,499.01025863155576,499.4584523362219
4.379999999999995,-5.055844664320791,4.471481531636024,26.21354402395572,0.06476854990174896,0.03702990493402858,0.0,-3.2208621594827744,2.499273623835795,6.291560967649061,-0.017974130409765695,-0.15809868082256137,0.0,415.60493371741904,416.8580130943011,419.12133333186364,417.3639408148645
4.439999999999993,-5.250122304109563,4.622476952647705,26.59203225684951,0.0663988971387468,0.028074397823083963,0.0,-3.254348743084327,2.5340553266515013,6.324667662788943,-0.0372434165711823,-0.1673677221491985,0.0,456.0773973125615,455.31227616187766,457.1337796857168,455.59526702698037
4.499999999999992,-5.446125301772264,4.775250451088856,26.967386244116227,0.07036081740492595,0.018072163155564702,0.0,-3.2785507148042177,2.558736519711817,6.188038820290819,-0.06573879861353572,-0.16607442290887128,0.0,399.52360409238395,399.61147004583034,402.3394971550154,399.748895322837
4.559999999999991,-5.643552322446669,4.929859912353585,27.339204410991357,0.06648098585107842,0.01053918498794193,0.0,-3.3017799678737783,2.5945225891848387,6.206008589060503,-0.06996913855299887,-0.18439926478241814,0.0,450.4790687396956,448.9663340440572,449.43032426567686,449.08392244289433
4.6199999999999894,-5.842249097964005,5.086508795426987,27.711658016399646,0.06358266174793492,0.00266679254221458,0.0,-3.3208641288672105,2.626808561727051,6.209295276476385,-0.05862282780352703,-0.20520743951386924,0.0,444.7541312800087,443.0103904596113,444.92506159549936,445.8500008399005
4.679999999999988,-6.041961821042175,5.244839632679523,28.081245554416604,0.06005508743278831,6.277224289659134,0.0,-3.335679797318349,2.6506306716212324,6.111064636955283,-0.059358120364908395,-0.18534699776961644,0.0,409.58214908803404,411.30302731727016,411.2267108837017,411.1588291259888
4.739999999999987,-6.242456002508965,5.404780704796858,28.44896220736826,0.05752896860975998,6.277625143292218,0.0,-3.3475444960695913,2.680444206468705,6.145987931231375,-0.049347512025377474,-0.22375104060335596,0.0,453.999549979111,450.86910101486734,452.53509642092683,453.3382862005226
4.799999999999986,-6.443597733028398,5.566671703862327,28.822582659355266,0.05470427910782316,6.264743776400481,0.0,-3.3558725948553567,2.7155296059934866,6.3074421079597975,-0.046331143715552164,-0.21678633128841124,0.0,490.050372028567,490.52438125829747,490.6889957431147,490.9117215607965
4.859999999999984,-6.6450640367776135,5.730375102882412,29.201815311687525,0.0519499519446569,6.2531056132213365,0.0,-3.3587293400288254,2.74096466269713,6.33377353490514,-0.04540875996259859,-0.23086126258985246,0.0,452.5877831243434,451.40551060574967,450.75035193256264,450.8236927387516
4.919999999999983,-6.8465320356281945,5.8955056637085335,29.58183660500196,0.0493214623706244,6.241134877870618,0.0,-3.3559121610426113,2.7631380669146535,6.333879812891611,-0.050209704860531335,-0.21699110326410595,0.0,442.5772623610633,443.66672395832643,442.81636348850043,442.4198294358078
4.979999999999982,-7.0477709708736915,6.06178170409759,29.95916350031708,0.04702226921764474,6.233707385083907,0.0,-3.3515138293259823,2.779232598509026,6.244355278994277,-0.06073993612035809,-0.1922603215535789,0.0,411.4509750934424,413.58870826349875,413.69762742299946,412.7669889267795
5.0399999999999805,-7.248500281992368,6.229107293432117,30.333831856259124,0.04432745673310112,6.22325074865541,0.0,-3.3386253205446073,2.798036852030406,6.244812325124084,-0.07268233932544982,-0.20490371185331183,0.0,442.3154897717952,441.2347552675628,440.80713752628407,439.81579861564995
